# WARNING: yields below are in Events/GeV (plot y-axis) and MUST be
# rescaled by bin width to obtain counts. The YAML references in
# benchmark/papers/1707.06193/artifacts/HEPRecastData/ have already been rescaled.

bins: 
0 - 10
10 - 20
20 - 30
30 - 40
40 - 50
50 - 60
60 - 70
70 - 80
80 - 90
90 - 100
100 - 110
110 - 120
120 - 130
130 - 140
140 - 150
150 - 160
160 - 170
170 - 180
180 - 190
190 - 200
200 - 250
250 - 300
300 - 350
350 - 450
450 - 600
600 - 800

observed data:

7.287345419434170
20.652888189014000
28.14646223725290
28.285107381867800
30.29940211899120
23.352382702120600
18.997765303446900
15.839589349119500
12.148063188672900
10.534661172747200
9.690413209017670
7.25162502969352
4.307542986744740
4.100997060165140
3.609150865248510
2.994417967151200
2.0918437219959000
2.001350205111860
2.10214782248651
0.9028434728824080
0.920764416832326
0.4215411235976040
0.2803603559158410
0.060223990131799400
0.06677038291552400
0.019934983341343800


Irreducible background +/-:

0.09697653363868960
0.24139241107176
0.3086828890611520
0.414712768795431
0.533760498875057
0.386884526540346
0.3969773117961560
0.252492699808323
0.4188902532269980
0.191363400258154
0.29074405329923600
0.271552179542218
0.23407157593372000
0.200675306454916
0.18486874821614500
0.09609552615768090
0.179568531928354
0.13427581372527500
0.112385851221576
0.12146089973227
0.0799299435694803
0.0762064417271105
0.0334761839192718
0.0266764476495651
0.00937575832856697
0.00883715939873372

Total background:

8.48640703949925
20.754621140229900
28.846551130682400
29.856026685611600
27.463364091052900
23.81591459227840
21.270852261041200
15.761948415100700
13.336852571301100
10.90331817043030
9.408885833772890
6.6704796502021800
5.3471988370566200
4.161898712216380
3.5563376505610600
2.4003893439847400
2.2965480907667900
1.8500302538870700
1.404992229495390
1.1429973964368200
0.6034247688395170
0.318567175029563
0.10914038681871400
0.05705521520931060
0.018979104405659
0.013128783858121300

Total background uncertainty:

2.97921233469545
7.741446166163000
7.259817140337300
5.0852631256945
3.174716756783600
1.8006958628592
2.0854658557452
1.890382811473500
1.248335558460100
2.49990289382049
2.504974945429750
2.19023479395685
2.30831241541595
1.52661123492561
1.2484771170625500
1.1819961846638800
1.0104869071500900
1.0476207324423000
0.705724286105181
0.656896503193525
0.3936227582914860
0.137521081162843
0.10086807352389300
0.02603267638506810
0.0059146739230455
0.004977520492857730

Signal T6gg_1750_1650:

0.0006239279527807620
0.0006239279527807610
0.0006239279527807630
0.0006239279527807610
0.0006239279527807630
0.0010098759564007800
0.0007860192916925870
0.0008800666794682290
0.0006716525784033420
0.0013038777542652700
0.0009805368847641000
0.0016588368352353500
0.0009567398291122340
0.0015715546649160100
0.0027248293500727800
0.0013363091954338400
0.0022718555189093700
0.002658699338348500
0.0021842813554562400
0.0013363091954338400
0.0024098438527254100
0.0026069527667486200
0.004096968781799500
0.003111413605706830
0.0030658838506827400
0.02053146666942210

Signal T5Wg_1600_100:

0.009921688184443850
0.02023102681596520
0.04005402643501310
0.05622031818161900
0.06709928355381060
0.061419403051103500
0.07852472100594520
0.07969084845396900
0.09843989642933230
0.08127266775195410
0.08620902040049790
0.09843989642933220
0.08792022180913470
0.08207531307524710
0.10138535948954300
0.09055092109852530
0.0845311243020692
0.09699941151250760
0.08047787179884110
0.07661897203835210
0.07402837349250490
0.06022399013179950
0.05274133133204590
0.036483783673245000
0.020734234539093400
0.012076642848865300